380 81 0.0555555555556
0 175 0.00271739130435
57 50 0.0161290322581
111 227 0.0588235294118
167 13 0.00826446280992
5 178 0.0045045045045
43 3 0.00692041522491
29 44 0.0235294117647
33 41 0.0337078651685
271 19 0.0116279069767
5 195 0.00448430493274
9 0 0.0146750524109
379 24 0.015625
15 30 0.00724637681159
365 37 0.0222222222222
355 19 0.0117647058824
20 162 0.0105263157895
19 200 0.0114942528736
264 33 0.0185185185185
28 10 0.00578034682081
75 97 0.0285714285714
4 35 0.00392156862745
273 70 0.0384615384615
293 11 0.00943396226415
17 57 0.00840336134454
476 506 0.333333333333
166 410 0.111111111111
3 11 0.00561797752809
97 17 0.0188679245283
23 84 0.0119047619048
154 485 0.1
144 211 0.0714285714286
127 0 0.0136239782016
40 4 0.0042194092827
26 31 0.00925925925926
69 135 0.0333333333333
16 29 0.00625
70 224 0.037037037037
93 1 0.00373134328358
97 70 0.0263157894737
376 11 0.00943396226415
103 104 0.0357142857143
451 475 0.333333333333
396 328 0.666666666667
1 280 0.0078125
254 127 0.0666666666667
3 455 0.00392156862745
25 3 0.00980392156863
45 64 0.0172413793103
1 58 0.0147601476015
7 4 0.00527704485488
33 154 0.0169491525424
176 0 0.00271739130435
419 2 0.00478468899522
253 46 0.0238095238095
54 33 0.0125
58 44 0.0175438596491
44 15 0.00787401574803
7 149 0.00540540540541
343 29 0.0192307692308
0 109 0.00536193029491
101 91 0.0333333333333
15 303 0.0106382978723
138 166 0.0526315789474
275 3 0.00389105058366
114 41 0.0188679245283
29 48 0.0123456790123
218 251 0.111111111111
184 71 0.0434782608696
59 23 0.0102040816327
5 39 0.0078125
9 60 0.00671140939597
194 96 0.047619047619
53 299 0.0333333333333
56 1 0.0144927536232
42 60 0.0172413793103
5 72 0.00425531914894
137 192 0.0625
300 219 0.111111111111
38 0 0.00493827160494
14 41 0.00662251655629
4 7 0.00527704485488
5 362 0.00456621004566
303 21 0.0149253731343
51 36 0.0625
165 20 0.0103092783505
64 169 0.03125
155 2 0.0046511627907
13 160 0.00819672131148
17 37 0.015037593985
37 42 0.0135135135135
175 188 0.0769230769231
178 112 0.0588235294118
144 160 0.0625
17 182 0.0102040816327
3 103 0.00373134328358
23 120 0.0119047619048
466 165 0.111111111111
121 10 0.00763358778626
359 0 0.00275482093664
107 43 0.0222222222222
26 63 0.0119047619048
262 23 0.027027027027
73 120 0.0285714285714
97 98 0.0322580645161
177 10 0.0161290322581
106 240 0.0555555555556
55 41 0.0140845070423
348 85 0.0588235294118
153 33 0.0169491525424
45 19 0.00854700854701
106 3 0.00374531835206
186 155 0.0666666666667
10 333 0.00840336134454
1 6 0.00239808153477
205 478 0.142857142857
54 13 0.00689655172414
390 3 0.00392156862745
78 19 0.00970873786408
30 42 0.025641025641
33 262 0.0181818181818
0 73 0.00789473684211
20 4 0.0171821305842
24 127 0.013698630137
134 4 0.00467289719626
10 62 0.00714285714286
9 382 0.00806451612903
29 20 0.021897810219
15 33 0.00709219858156
5 27 0.0192307692308
345 208 0.125
20 440 0.010989010989
65 209 0.030303030303
156 8 0.013986013986
341 4 0.00480769230769
146 114 0.0434782608696
108 33 0.0153846153846
4 84 0.00917431192661
213 58 0.0384615384615
166 192 0.0714285714286
32 228 0.0208333333333
4 138 0.00462962962963
353 312 0.25
4 356 0.00480769230769
47 52 0.0178571428571
17 1 0.026706231454
23 47 0.00980392156863
249 104 0.0555555555556
250 275 0.125
13 85 0.0314960629921
117 33 0.015873015873
13 422 0.00854700854701
258 15 0.0106382978723
187 415 0.125
150 1 0.00378787878788
70 296 0.0384615384615
73 20 0.00900900900901
10 104 0.0152671755725
55 156 0.0555555555556
2 8 0.0176470588235
79 10 0.00746268656716
31 151 0.0172413793103
55 13 0.027972027972
338 3 0.00390625
35 33 0.01
166 464 0.1
7 63 0.00502512562814
11 56 0.015625
68 63 0.0204081632653
54 126 0.025
44 64 0.0166666666667
10 240 0.00813008130081
24 44 0.010101010101
101 2 0.00900900900901
34 93 0.015625
0 85 0.00266666666667
128 26 0.0144927536232
20 24 0.0132450331126
67 31 0.0140845070423
39 93 0.0181818181818
9 154 0.00763358778626
356 39 0.0232558139535
33 12 0.00995024875622
39 50 0.0133333333333
15 5 0.00325732899023
147 117 0.0434782608696
422 9 0.00806451612903
62 96 0.027027027027
166 2 0.00462962962963
341 24 0.0153846153846
4 72 0.00446428571429
5 273 0.00454545454545
8 11 0.00833333333333
122 169 0.05
472 88 0.0555555555556
71 16 0.015625
38 475 0.0212765957447
61 26 0.0119047619048
13 151 0.0161290322581
37 17 0.015037593985
94 66 0.0227272727273
27 7 0.0045045045045
13 232 0.00833333333333
2 347 0.0047619047619
41 231 0.0222222222222
64 0 0.00260416666667
377 63 0.037037037037
70 106 0.0277777777778
22 137 0.0120481927711
1 386 0.00393700787402
2 125 0.0045871559633
97 57 0.0232558139535
22 7 0.00404858299595
234 5 0.00454545454545
138 335 0.0833333333333
102 20 0.00961538461538
31 24 0.00900900900901
24 362 0.0153846153846
206 22 0.0128205128205
1 78 0.00732600732601
58 9 0.00699300699301
44 36 0.0235294117647
7 176 0.00549450549451
24 8 0.005
10 103 0.00751879699248
215 34 0.0185185185185
0 49 0.0211081794195
440 312 0.333333333333
67 251 0.037037037037
5 177 0.00448430493274
43 2 0.0082304526749
9 182 0.0077519379845
5 70 0.00418410041841
15 488 0.0108695652174
503 5 0.00460829493088
33 153 0.0169491525424
35 66 0.0263157894737
5 83 0.00862068965517
66 67 0.02
327 104 0.0588235294118
165 285 0.0909090909091
41 263 0.0227272727273
89 19 0.0102040816327
127 463 0.0833333333333
4 44 0.0167364016736
163 60 0.0294117647059
165 127 0.0555555555556
293 10 0.0166666666667
41 33 0.0337078651685
395 39 0.0238095238095
13 187 0.0165289256198
127 301 0.0833333333333
37 53 0.0294117647059
4 322 0.00480769230769
3 10 0.016348773842
10 425 0.00833333333333
453 86 0.05
127 3 0.00378787878788
102 327 0.0555555555556
22 4 0.0257352941176
315 10 0.00826446280992
83 22 0.0112359550562
69 23 0.0108695652174
1 287 0.00389105058366
59 1 0.010752688172
10 455 0.00833333333333
126 43 0.0212765957447
201 368 0.125
55 117 0.0232558139535
96 10 0.00746268656716
25 2 0.015444015444
0 320 0.00275482093664
1 57 0.010752688172
186 119 0.0526315789474
44 121 0.0204081632653
82 452 0.0666666666667
49 243 0.0333333333333
72 114 0.0322580645161
44 8 0.00574712643678
7 148 0.00540540540541
135 483 0.1
34 18 0.00666666666667
20 97 0.00952380952381
10 27 0.0121212121212
195 29 0.0178571428571
0 29 0.0173267326733
77 33 0.0454545454545
53 8 0.0122699386503
208 47 0.027027027027
119 283 0.0666666666667
32 285 0.0212765957447
285 165 0.0909090909091
33 52 0.0133333333333
90 15 0.00925925925926
5 38 0.00766283524904
9 35 0.0176470588235
66 52 0.0192307692308
341 254 0.142857142857
33 165 0.0172413793103
19 118 0.0106382978723
294 12 0.00645161290323
322 221 0.125
146 15 0.00990099009901
19 231 0.0114942528736
4 113 0.00467289719626
4 0 0.0271739130435
479 294 0.2
65 22 0.01
303 20 0.010752688172
94 139 0.0384615384615
51 84 0.0208333333333
145 495 0.0833333333333
37 41 0.0120481927711
38 370 0.0208333333333
23 10 0.0160427807487
91 44 0.0196078431373
84 20 0.00970873786408
3 102 0.00749063670412
60 13 0.00704225352113
23 123 0.0123456790123
26 141 0.0147058823529
28 467 0.0178571428571
22 177 0.0126582278481
225 59 0.030303030303
154 105 0.0434782608696
73 127 0.03125
2 37 0.004
22 32 0.0173913043478
79 49 0.0243902439024
10 26 0.0112994350282
59 45 0.0161290322581
45 18 0.00740740740741
83 163 0.0416666666667
106 0 0.00267379679144
35 4 0.00392156862745
1 148 0.00378787878788
257 2 0.00473933649289
96 22 0.0113636363636
25 30 0.03
176 94 0.0416666666667
1 5 0.0513392857143
0 475 0.00276243093923
54 2 0.0042194092827
262 63 0.0344827586207
30 43 0.0119047619048
20 5 0.00986842105263
134 5 0.0134529147982
10 63 0.0140845070423
15 258 0.0106382978723
417 23 0.0138888888889
63 54 0.0185185185185
111 282 0.0666666666667
208 11 0.00917431192661
48 296 0.0285714285714
100 9 0.0144927536232
15 32 0.00746268656716
19 37 0.008
66 24 0.0459770114943
52 91 0.025641025641
15 81 0.00943396226415
398 75 0.047619047619
113 19 0.010989010989
341 3 0.00390625
38 45 0.0125
4 85 0.00913242009132
132 34 0.016393442623
8 16 0.00403225806452
19 368 0.0117647058824
4 228 0.00956937799043
317 107 0.0909090909091
273 13 0.00840336134454
165 55 0.0263157894737
4 139 0.0046511627907
61 102 0.025641025641
17 0 0.0295454545455
40 191 0.0263157894737
3 53 0.00357142857143
155 158 0.0666666666667
70 15 0.00884955752212
3 66 0.00355871886121
107 22 0.0123456790123
12 99 0.00602409638554
50 170 0.0238095238095
415 102 0.0625
2 9 0.0184615384615
59 216 0.030303030303
1 327 0.0078125
120 73 0.0285714285714
31 39 0.0112359550562
24 271 0.0151515151515
45 135 0.0232558139535
1 97 0.00371747211896
44 65 0.015625
233 8 0.00704225352113
162 20 0.0105263157895
58 229 0.0416666666667
24 45 0.0103092783505
243 163 0.181818181818
101 1 0.0112359550562
91 23 0.0117647058824
128 27 0.0175438596491
20 25 0.0211267605634
39 207 0.0454545454545
134 225 0.0714285714286
252 2 0.00471698113208
57 20 0.00854700854701
43 25 0.0222222222222
63 42 0.0178571428571
191 97 0.0454545454545
33 3 0.0445205479452
9 234 0.00793650793651
15 4 0.0136518771331
436 239 0.166666666667
184 0 0.0027397260274
294 197 0.1
293 263 0.166666666667
137 142 0.05
156 254 0.0909090909091
52 63 0.0416666666667
113 63 0.030303030303
166 3 0.00381679389313
352 39 0.0232558139535
156 109 0.05
160 104 0.05
38 73 0.030303030303
8 12 0.00694444444444
94 176 0.0416666666667
155 92 0.0434782608696
341 11 0.00943396226415
151 8 0.00680272108844
249 154 0.0769230769231
13 231 0.00833333333333
487 176 0.111111111111
40 155 0.025641025641
3 17 0.00289855072464
60 70 0.0204081632653
64 1 0.00361010830325
249 11 0.00925925925926
60 53 0.0384615384615
117 4 0.00921658986175
268 10 0.00819672131148
3 207 0.00778210116732
197 13 0.0165289256198
187 43 0.0232558139535
234 2 0.00473933649289
328 195 0.111111111111
59 85 0.0238095238095
97 282 0.0555555555556
25 37 0.0103092783505
31 27 0.0104166666667
200 29 0.0185185185185
21 17 0.0196078431373
129 127 0.047619047619
7 34 0.00896860986547
10 258 0.00819672131148
11 39 0.00694444444444
34 156 0.0178571428571
1 77 0.0111524163569
44 37 0.0126582278481
176 25 0.0161290322581
48 32 0.0133333333333
34 15 0.00714285714286
111 15 0.00970873786408
24 9 0.021978021978
101 37 0.0172413793103
20 61 0.00877192982456
11 127 0.00877192982456
0 161 0.00271739130435
43 5 0.00395256916996
29 42 0.0123456790123
232 74 0.0555555555556
30 285 0.0196078431373
327 325 0.166666666667
104 132 0.04
133 173 0.0526315789474
470 294 0.2
166 47 0.025
8 89 0.0131578947368
227 47 0.0277777777778
28 4 0.00772200772201
4 45 0.00416666666667
65 9 0.00666666666667
179 1 0.00384615384615
60 260 0.0322580645161
2 397 0.00478468899522
293 154 0.0909090909091
47 495 0.030303030303
127 189 0.0625
3 13 0.0277777777778
83 315 0.0526315789474
410 9 0.00813008130081
127 2 0.0138888888889
2 403 0.00478468899522
3 154 0.00766283524904
13 251 0.00833333333333
278 0 0.00274725274725
22 5 0.00346020761246
83 25 0.0285714285714
475 451 0.333333333333
348 115 0.0666666666667
59 0 0.00516795865633
120 18 0.00877192982456
25 1 0.0265780730897
102 49 0.025
34 305 0.0188679245283
1 56 0.0144927536232
21 53 0.0224719101124
7 6 0.00295857988166
10 294 0.00819672131148
159 347 0.1
78 169 0.0344827586207
44 9 0.0126582278481
229 3 0.00389105058366
11 208 0.00917431192661
81 20 0.00952380952381
10 24 0.0111111111111
30 95 0.0153846153846
417 10 0.00833333333333
0 30 0.0123762376238
426 232 0.166666666667
63 29 0.0416666666667
191 40 0.0263157894737
0 141 0.00271002710027
114 39 0.0188679245283
13 103 0.00769230769231
9 209 0.0078125
137 484 0.0833333333333
242 195 0.0909090909091
133 112 0.0434782608696
9 34 0.0176470588235
56 3 0.00358422939068
294 13 0.00840336134454
288 86 0.0454545454545
114 62 0.0294117647059
146 12 0.00617283950617
4 114 0.0045871559633
5 455 0.0045871559633
368 19 0.0117647058824
4 1 0.0430839002268
41 28 0.0105263157895
154 293 0.0909090909091
27 81 0.015873015873
155 4 0.00469483568075
51 87 0.0816326530612
17 27 0.00719424460432
131 47 0.0238095238095
23 5 0.0285714285714
377 5 0.00917431192661
97 20 0.00952380952381
26 61 0.0119047619048
121 249 0.0588235294118
50 135 0.0232558139535
13 273 0.00840336134454
2 34 0.00389105058366
22 33 0.0420168067227
69 10 0.00714285714286
25 108 0.0144927536232
135 147 0.0526315789474
159 25 0.0161290322581
495 145 0.0833333333333
25 29 0.039603960396
11 30 0.0133333333333
34 341 0.0192307692308
72 0 0.0079575596817
1 4 0.0430839002268
96 134 0.0416666666667
78 26 0.0125
54 3 0.0106761565836
34 55 0.0125
0 75 0.00793650793651
10 60 0.00689655172414
242 5 0.00452488687783
336 66 0.0333333333333
63 49 0.0408163265306
33 102 0.0153846153846
43 77 0.0185185185185
66 486 0.0344827586207
104 77 0.0322580645161
322 28 0.0175438596491
15 35 0.00714285714286
53 156 0.030303030303
5 25 0.00369003690037
251 31 0.0188679245283
52 36 0.0135135135135
42 30 0.025641025641
113 5 0.00892857142857
63 356 0.037037037037
32 24 0.0288461538462
38 34 0.0105263157895
4 86 0.00446428571429
132 35 0.016393442623
8 17 0.00436681222707
47 208 0.027027027027
85 13 0.0314960629921
22 75 0.0108695652174
31 64 0.0138888888889
62 206 0.037037037037
142 367 0.0833333333333
273 12 0.00645161290323
48 222 0.027027027027
61 101 0.025
47 54 0.016393442623
17 7 0.00375939849624
3 52 0.00359712230216
60 163 0.0294117647059
23 41 0.00900900900901
316 21 0.0153846153846
212 102 0.0526315789474
70 12 0.0115606936416
127 117 0.0434782608696
349 219 0.125
174 30 0.0185185185185
197 391 0.285714285714
150 7 0.00540540540541
26 17 0.00662251655629
197 40 0.0263157894737
1 469 0.00392156862745
79 20 0.00952380952381
206 3 0.003861003861
126 17 0.00980392156863
58 273 0.0416666666667
224 9 0.00787401574803
25 72 0.0277777777778
372 177 0.125
149 55 0.0243902439024
7 57 0.0049504950495
135 4 0.00467289719626
11 58 0.00806451612903
10 254 0.00813008130081
48 5 0.00403225806452
11 139 0.00884955752212
162 21 0.0144927536232
384 7 0.00568181818182
101 0 0.00533333333333
30 4 0.00793650793651
215 24 0.0149253731343
111 91 0.037037037037
8 240 0.00704225352113
63 196 0.0322580645161
87 194 0.0434782608696
63 85 0.025641025641
160 139 0.0625
80 178 0.0434782608696
294 85 0.0555555555556
28 33 0.00952380952381
104 327 0.0588235294118
303 233 0.125
8 13 0.00395256916996
65 44 0.015625
85 33 0.0153846153846
8 156 0.013986013986
118 43 0.0208333333333
108 21 0.0128205128205
94 64 0.025
27 25 0.03
195 105 0.047619047619
3 16 0.00550964187328
296 38 0.063829787234
249 10 0.016393442623
13 119 0.00787401574803
400 4 0.00485436893204
243 3 0.00387596899225
117 3 0.00754716981132
3 206 0.003861003861
12 0 0.0158415841584
1 305 0.00389105058366
79 232 0.05
102 187 0.047619047619
126 13 0.00793650793651
59 84 0.0243902439024
187 155 0.0714285714286
31 26 0.00925925925926
182 146 0.0588235294118
78 35 0.0142857142857
68 29 0.0135135135135
92 139 0.0833333333333
367 3 0.00390625
10 146 0.0077519379845
488 168 0.111111111111
34 12 0.00497512437811
0 388 0.00276243093923
20 79 0.00952380952381
148 4 0.00462962962963
24 10 0.0111111111111
333 0 0.00277008310249
45 396 0.0277777777778
34 127 0.0166666666667
20 62 0.0181818181818
43 247 0.025
137 382 0.0833333333333
114 0 0.00537634408602
5 191 0.00448430493274
43 4 0.0167364016736
228 8 0.00704225352113
56 249 0.0333333333333
147 34 0.0166666666667
9 5 0.00591715976331
56 104 0.025641025641
62 2 0.00436681222707
28 5 0.00369003690037
160 117 0.0526315789474
75 98 0.0285714285714
98 193 0.0454545454545
8 41 0.00561797752809
169 122 0.05
2 135 0.00462962962963
155 59 0.0588235294118
216 59 0.030303030303
296 115 0.0625
98 35 0.03125
13 10 0.00858369098712
3 12 0.00995024875622
83 314 0.0526315789474
84 97 0.0344827586207
453 84 0.0666666666667
127 13 0.00793650793651
103 20 0.039603960396
83 24 0.0126582278481
102 212 0.0526315789474
59 3 0.010752688172
187 54 0.0277777777778
466 3 0.00392156862745
59 112 0.025641025641
25 0 0.0196078431373
263 10 0.00819672131148
102 54 0.0227272727273
196 63 0.0322580645161
91 259 0.0555555555556
163 142 0.0588235294118
1 63 0.0145454545455
21 52 0.0113636363636
24 328 0.0153846153846
7 1 0.00704225352113
10 295 0.00826446280992
176 3 0.00383141762452
34 161 0.0175438596491
253 43 0.025
290 23 0.0135135135135
44 10 0.012987012987
7 150 0.00540540540541
229 2 0.00473933649289
285 272 0.166666666667
9 502 0.00806451612903
10 25 0.0295857988166
105 157 0.0454545454545
417 9 0.00806451612903
0 31 0.0123456790123
309 11 0.00934579439252
0 142 0.0027027027027
39 103 0.0181818181818
100 23 0.0114942528736
5 36 0.00375939849624
8 280 0.00709219858156
9 33 0.0116279069767
318 53 0.0344827586207
104 225 0.0526315789474
323 385 0.2
416 45 0.0277777777778
56 4 0.004329004329
294 2 0.00473933649289
146 13 0.00793650793651
422 166 0.1
85 104 0.0357142857143
4 2 0.017199017199
482 4 0.00485436893204
41 3 0.00682593856655
27 80 0.0153846153846
13 221 0.00826446280992
51 86 0.102040816327
17 26 0.00662251655629
40 197 0.0263157894737
23 4 0.0221402214022
2 257 0.00473933649289
3 104 0.00374531835206
23 117 0.0243902439024
174 3 0.00384615384615
12 121 0.00609756097561
35 296 0.0188679245283
12 200 0.00641025641026
69 9 0.00694444444444
362 5 0.00456621004566
3 407 0.00392156862745
25 115 0.0149253731343
92 45 0.02
314 83 0.0526315789474
11 17 0.0103092783505
267 107 0.0833333333333
253 94 0.05
1 27 0.00332225913621
7 101 0.00526315789474
48 26 0.010989010989
125 4 0.00462962962963
54 0 0.0025641025641
239 12 0.00641025641026
367 59 0.0689655172414
43 273 0.025
134 104 0.0454545454545
120 380 0.0625
128 49 0.0285714285714
111 70 0.0285714285714
24 66 0.0459770114943
9 428 0.00806451612903
10 61 0.0212765957447
488 15 0.0108695652174
285 22 0.0131578947368
33 101 0.0151515151515
114 72 0.0322580645161
29 17 0.00709219858156
15 34 0.00714285714286
436 21 0.0153846153846
5 24 0.044776119403
66 22 0.01
14 238 0.00869565217391
32 25 0.0102040816327
341 1 0.00390625
105 47 0.0217391304348
38 35 0.0105263157895
8 18 0.00420168067227
435 117 0.0714285714286
189 62 0.037037037037
47 64 0.0181818181818
273 3 0.00389105058366
37 24 0.00952380952381
259 48 0.0588235294118
344 168 0.1
3 55 0.00352112676056
131 10 0.0077519379845
26 380 0.0161290322581
2 229 0.00473933649289
3 68 0.00359712230216
49 262 0.0333333333333
396 45 0.0277777777778
36 4 0.00787401574803
258 10 0.00819672131148
22 83 0.0112359550562
26 30 0.0188679245283
248 162 0.1
50 168 0.0238095238095
93 70 0.027027027027
64 372 0.04
187 126 0.0588235294118
263 61 0.0357142857143
31 33 0.010101010101
299 53 0.0333333333333
135 7 0.00546448087432
11 61 0.0078125
139 64 0.030303030303
313 43 0.027027027027
1 103 0.0150943396226
21 108 0.0128205128205
495 37 0.0227272727273
7 73 0.00510204081633
11 377 0.00943396226415
57 312 0.0344827586207
232 178 0.1
30 5 0.0153256704981
323 29 0.0192307692308
0 40 0.00255102040816
111 90 0.0333333333333
114 138 0.0434782608696
77 22 0.0111111111111
43 138 0.0212765957447
67 0 0.00523560209424
161 91 0.0454545454545
403 2 0.00478468899522
9 159 0.00769230769231
63 84 0.0263157894737
29 68 0.0135135135135
33 1 0.00993377483444
208 9 0.0078125
137 35 0.0166666666667
446 55 0.03125
53 255 0.0666666666667
288 32 0.0212765957447
274 15 0.010752688172
18 8 0.00420168067227
203 12 0.00641025641026
132 0 0.00539083557951
425 26 0.016393442623
108 22 0.0114942528736
27 24 0.0183486238532
212 20 0.0106382978723
141 48 0.025
221 322 0.125
3 19 0.012012012012
64 3 0.00361010830325
69 286 0.0434782608696
487 3 0.00392156862745
60 55 0.0175438596491
268 4 0.00961538461538
141 274 0.0909090909091
22 127 0.0120481927711
103 64 0.0263157894737
382 9 0.00806451612903
163 4 0.00469483568075
1 161 0.00383141762452
25 43 0.0222222222222
31 5 0.0191570881226
91 294 0.0555555555556
1 210 0.003861003861
21 31 0.00892857142857
34 154 0.0172413793103
0 278 0.00274725274725
58 20 0.0183486238532
385 300 0.166666666667
115 93 0.037037037037
34 13 0.0184049079755
44 403 0.0263157894737
24 11 0.00602409638554
134 48 0.025
0 52 0.0104712041885
20 63 0.0454545454545
53 49 0.0816326530612
57 54 0.0175438596491
39 66 0.0147058823529
341 165 0.1
190 44 0.0238095238095
9 4 0.0185758513932
104 134 0.0454545454545
271 206 0.111111111111
15 26 0.0134228187919
365 33 0.0188679245283
80 159 0.04
62 3 0.00729927007299
66 94 0.0227272727273
52 29 0.0416666666667
15 139 0.01
146 38 0.0178571428571
132 85 0.0384615384615
156 115 0.0526315789474
435 60 0.0357142857143
56 327 0.0344827586207
8 42 0.0179640718563
273 58 0.0416666666667
4 190 0.00473933649289
61 59 0.0192307692308
13 184 0.00833333333333
4 333 0.00485436893204
84 243 0.0555555555556
13 9 0.0127118644068
141 84 0.0454545454545
37 131 0.0188679245283
3 15 0.00877192982456
4 476 0.0048309178744
23 80 0.0113636363636
502 433 0.333333333333
13 410 0.00862068965517
453 83 0.0555555555556
26 25 0.00877192982456
3 156 0.00384615384615
26 39 0.01
103 23 0.0117647058824
69 131 0.03125
16 17 0.0049504950495
2 92 0.00448430493274
12 37 0.00515463917526
163 83 0.0416666666667
1 284 0.00389105058366
153 73 0.0333333333333
49 40 0.0175438596491
159 39 0.0208333333333
135 62 0.0333333333333
263 5 0.00913242009132
1 62 0.00363636363636
25 176 0.0161290322581
7 0 0.0151515151515
7 145 0.00540540540541
323 68 0.037037037037
0 97 0.0161725067385
54 212 0.0294117647059
10 6 0.00354609929078
0 16 0.00212314225053
294 470 0.2
119 359 0.0714285714286
53 21 0.0224719101124
0 143 0.0027027027027
182 4 0.00471698113208
167 45 0.025
19 10 0.00497512437811
9 32 0.00602409638554
247 112 0.0666666666667
52 66 0.0192307692308
56 5 0.0125
294 3 0.00389105058366
479 13 0.00854700854701
86 65 0.0681818181818
85 134 0.0434782608696
109 0 0.00536193029491
146 10 0.0077519379845
95 61 0.0238095238095
89 108 0.0333333333333
4 3 0.0222222222222
5 342 0.00917431192661
41 2 0.00403225806452
4 146 0.00462962962963
61 95 0.0238095238095
47 28 0.0116279069767
108 94 0.0322580645161
131 17 0.00980392156863
192 1 0.003861003861
84 23 0.0119047619048
377 11 0.00943396226415
3 107 0.00381679389313
117 73 0.0294117647059
250 362 0.142857142857
3 248 0.00778210116732
70 192 0.0357142857143
2 32 0.00398406374502
22 39 0.0178571428571
301 20 0.010989010989
163 79 0.0909090909091
1 376 0.00390625
178 80 0.0434782608696
25 114 0.0461538461538
79 163 0.0909090909091
45 15 0.008
35 9 0.0176470588235
22 257 0.0131578947368
135 34 0.0172413793103
12 303 0.00645161290323
253 93 0.0555555555556
0 303 0.00274725274725
1 26 0.0161812297735
10 216 0.00806451612903
11 97 0.00840336134454
34 194 0.0181818181818
54 1 0.00353356890459
300 385 0.166666666667
229 37 0.0217391304348
343 61 0.037037037037
0 77 0.0026455026455
20 0 0.025
77 113 0.0384615384615
24 67 0.0117647058824
6 55 0.00515463917526
10 58 0.00719424460432
380 38 0.0208333333333
242 3 0.00387596899225
208 127 0.0625
171 5 0.0045045045045
29 127 0.0166666666667
39 10 0.118881118881
43 79 0.0192307692308
104 79 0.0714285714286
15 45 0.008
19 38 0.0078125
328 396 0.666666666667
66 23 0.0102040816327
412 15 0.0108695652174
251 17 0.0210526315789
19 151 0.0108695652174
32 26 0.00970873786408
341 0 0.00275482093664
240 157 0.0833333333333
84 486 0.0666666666667
71 40 0.02
4 231 0.0047619047619
5 330 0.00917431192661
273 2 0.00952380952381
27 63 0.0138888888889
1 432 0.00392156862745
17 5 0.019801980198
112 133 0.0434782608696
3 54 0.0106761565836
166 422 0.1
23 43 0.0188679245283
84 43 0.02
40 49 0.0175438596491
173 267 0.0909090909091
201 19 0.0113636363636
107 11 0.00892857142857
36 5 0.00375939849624
93 212 0.111111111111
3 212 0.00778210116732
477 181 0.111111111111
61 438 0.0384615384615
139 276 0.0769230769231
12 30 0.010101010101
55 152 0.025
2 4 0.017199017199
55 9 0.0198675496689
25 78 0.0133333333333
31 32 0.0108695652174
126 102 0.04
55 446 0.03125
206 62 0.037037037037
10 365 0.00826446280992
1 102 0.00373134328358
48 7 0.00485436893204
125 39 0.0196078431373
461 37 0.0227272727273
134 85 0.0434782608696
262 30 0.0192307692308
10 79 0.00746268656716
30 10 0.0182926829268
0 41 0.0125944584383
77 21 0.0379746835443
43 141 0.0222222222222
90 160 0.0416666666667
39 89 0.0178571428571
24 206 0.0147058823529
9 158 0.00769230769231
33 0 0.012285012285
5 234 0.00454545454545
81 380 0.0555555555556
85 348 0.0588235294118
123 153 0.0526315789474
15 1 0.0147058823529
422 13 0.00854700854701
123 118 0.0454545454545
89 138 0.0384615384615
388 4 0.0048309178744
19 288 0.0116279069767
4 52 0.00434782608696
8 15 0.0223214285714
65 34 0.012987012987
193 21 0.0142857142857
25 84 0.0147058823529
240 8 0.00704225352113
27 106 0.016393442623
88 108 0.0322580645161
151 5 0.00442477876106
2 343 0.0047619047619
168 83 0.0416666666667
64 4 0.00436681222707
13 117 0.0078125
476 305 0.2
117 1 0.00375939849624
192 248 0.1
46 7 0.00469483568075
154 172 0.0714285714286
48 141 0.025
187 44 0.0232558139535
315 83 0.0526315789474
49 3 0.0108303249097
415 212 0.166666666667
163 7 0.00549450549451
1 160 0.00772200772201
31 4 0.0159362549801
200 0 0.00549450549451
21 30 0.00900900900901
7 31 0.00448430493274
11 88 0.00833333333333
159 352 0.1
58 21 0.0119047619048
48 35 0.0123456790123
105 22 0.0114942528736
20 73 0.00900900900901
24 12 0.00467289719626
333 62 0.0454545454545
157 240 0.0833333333333
30 102 0.0161290322581
0 53 0.0130548302872
204 301 0.142857142857
39 125 0.0196078431373
152 287 0.0769230769231
470 91 0.0625
9 11 0.0133928571429
503 1 0.00393700787402
240 455 0.166666666667
113 79 0.0416666666667
5 95 0.0042735042735
62 0 0.00261780104712
483 45 0.0277777777778
85 225 0.05
213 13 0.00826446280992
89 23 0.0116279069767
146 182 0.0588235294118
4 40 0.0042194092827
8 43 0.00574712643678
47 138 0.0238095238095
41 37 0.0120481927711
84 141 0.0454545454545
108 123 0.04
145 7 0.00540540540541
47 488 0.030303030303
13 8 0.00395256916996
70 59 0.02
131 69 0.03125
47 345 0.0294117647059
50 15 0.008
40 9 0.00649350649351
103 22 0.0232558139535
16 18 0.00473933649289
74 232 0.0555555555556
12 38 0.020618556701
55 192 0.0277777777778
59 5 0.0082304526749
173 117 0.05
466 1 0.00392156862745
21 193 0.0142857142857
102 52 0.025641025641
254 243 0.111111111111
1 61 0.0072202166065
7 3 0.00233644859813
10 293 0.0166666666667
0 24 0.00952380952381
58 41 0.016393442623
44 4 0.0167364016736
138 65 0.0263157894737
485 150 0.0833333333333
91 35 0.015625
134 29 0.0172413793103
0 17 0.0295454545455
20 220 0.0105263157895
43 213 0.0238095238095
161 2 0.0046511627907
0 128 0.0027027027027
114 34 0.0161290322581
29 11 0.0405405405405
33 200 0.0181818181818
146 361 0.0769230769231
19 13 0.00505050505051
312 1 0.00392156862745
5 34 0.0190839694656
104 227 0.0555555555556
42 57 0.0169491525424
62 60 0.0425531914894
38 5 0.00766283524904
4 125 0.00462962962963
75 0 0.00793650793651
4 12 0.00845070422535
23 288 0.0135135135135
123 284 0.0714285714286
41 1 0.0137457044674
155 25 0.0161290322581
13 219 0.00826446280992
17 24 0.0197368421053
130 345 0.0714285714286
4 290 0.00478468899522
43 78 0.0357142857143
3 106 0.00374531835206
26 10 0.0112994350282
60 9 0.00671140939597
73 146 0.03125
340 344 0.25
405 420 0.333333333333
139 376 0.0833333333333
177 13 0.00819672131148
254 13 0.00833333333333
382 70 0.0416666666667
153 36 0.0172413793103
68 177 0.0322580645161
254 156 0.0909090909091
220 20 0.0105263157895
149 16 0.00826446280992
262 273 0.125
263 104 0.0588235294118
12 296 0.00645161290323
1 25 0.0265780730897
78 25 0.0133333333333
25 147 0.03125
263 249 0.125
125 2 0.0045871559633
276 4 0.00478468899522
101 233 0.05
0 78 0.00526315789474
20 1 0.0424242424242
72 17 0.00909090909091
9 272 0.008
10 59 0.0137931034483
470 161 0.111111111111
0 253 0.00274725274725
167 67 0.0357142857143
104 33 0.015625
271 33 0.0185185185185
39 5 0.0078125
152 343 0.0833333333333
483 135 0.1
85 327 0.0555555555556
285 133 0.0666666666667
15 44 0.00787401574803
9 67 0.0138888888889
86 83 0.0285714285714
52 39 0.0153846153846
455 106 0.0666666666667
42 29 0.0123456790123
213 84 0.0526315789474
160 64 0.0333333333333
18 34 0.00666666666667
8 20 0.0133333333333
227 104 0.0555555555556
85 10 0.0229007633588
378 4 0.00480769230769
478 59 0.0344827586207
412 349 0.25
71 184 0.0434782608696
38 259 0.0204081632653
88 0 0.0026525198939
141 10 0.015873015873
17 4 0.0240549828179
2 368 0.0047619047619
250 284 0.125
70 3 0.00727272727273
3 70 0.00727272727273
353 29 0.0192307692308
255 146 0.0666666666667
59 367 0.0689655172414
83 101 0.03125
121 154 0.047619047619
12 31 0.0203045685279
146 72 0.0344827586207
2 5 0.0167464114833
187 3 0.00384615384615
83 210 0.0454545454545
68 262 0.0344827586207
31 146 0.0169491525424
55 8 0.00595238095238
224 12 0.00641025641026
200 33 0.0181818181818
153 0 0.00271002710027
25 254 0.0169491525424
11 63 0.0157480314961
0 268 0.00274725274725
1 101 0.0112359550562
78 117 0.030303030303
48 56 0.0175438596491
347 20 0.0108695652174
333 25 0.0181818181818
138 25 0.0153846153846
11 285 0.00934579439252
30 11 0.0133333333333
342 297 0.166666666667
0 42 0.00769230769231
20 37 0.00757575757576
6 16 0.0036496350365
67 2 0.00434782608696
87 332 0.05
147 11 0.00877192982456
80 38 0.015873015873
29 243 0.0185185185185
15 0 0.0226244343891
312 57 0.0344827586207
76 50 0.0178571428571
166 7 0.00546448087432
213 104 0.0526315789474
4 53 0.00431034482759
5 284 0.00454545454545
407 9 0.00806451612903
13 146 0.00793650793651
41 89 0.0178571428571
320 0 0.00275482093664
212 22 0.012987012987
13 227 0.00833333333333
141 46 0.0212765957447
3 21 0.0127388535032
4 506 0.0048309178744
23 78 0.0222222222222
0 103 0.00266666666667
178 53 0.03125
107 89 0.0416666666667
70 111 0.0285714285714
254 280 0.125
326 133 0.0714285714286
255 33 0.0181818181818
3 162 0.011673151751
23 191 0.012987012987
26 193 0.0151515151515
248 192 0.1
12 3 0.00995024875622
197 9 0.0077519379845
49 2 0.012987012987
12 146 0.00617283950617
25 41 0.0105263157895
31 7 0.00448430493274
0 377 0.00275482093664
21 29 0.00884955752212
101 108 0.0333333333333
348 312 0.25
280 8 0.00709219858156
488 171 0.142857142857
34 11 0.00653594771242
219 13 0.00826446280992
148 7 0.00540540540541
24 13 0.00561797752809
101 33 0.0151515151515
0 54 0.0025641025641
20 57 0.00854700854701
137 355 0.0769230769231
0 165 0.00544959128065
33 35 0.01
161 470 0.111111111111
167 113 0.0714285714286
80 2 0.00444444444444
133 24 0.0135135135135
9 10 0.0168067226891
416 4 0.0048309178744
62 1 0.00363636363636
469 1 0.00392156862745
52 31 0.013698630137
4 41 0.0122950819672
8 44 0.00574712643678
250 3 0.00387596899225
259 509 0.2
13 182 0.00819672131148
454 8 0.00719424460432
368 201 0.125
13 7 0.00344827586207
3 113 0.00381679389313
296 5 0.00454545454545
64 97 0.025641025641
22 174 0.0126582278481
46 32 0.0121951219512
177 151 0.0625
16 19 0.0104166666667
2 90 0.00444444444444
97 75 0.0285714285714
500 3 0.00392156862745
13 378 0.00847457627119
3 444 0.00393700787402
352 10 0.00826446280992
410 422 0.5
25 5 0.00369003690037
509 259 0.2
120 133 0.04
432 1 0.00392156862745
200 61 0.0344827586207
133 120 0.04
129 103 0.04
21 49 0.0112359550562
78 2 0.00438596491228
25 182 0.016393442623
7 2 0.00261780104712
414 0 0.00276243093923
44 5 0.0119521912351
263 293 0.166666666667
0 99 0.00266666666667
96 476 0.0588235294118
81 8 0.00653594771242
10 4 0.0220125786164
11 293 0.00943396226415
0 18 0.00216919739696
185 26 0.0149253731343
370 38 0.0208333333333
43 212 0.0243902439024
63 25 0.0126582278481
161 1 0.00383141762452
39 96 0.0178571428571
29 10 0.00595238095238
19 12 0.017316017316
247 0 0.00274725274725
86 52 0.0232558139535
19 125 0.010752688172
156 34 0.0178571428571
85 132 0.0384615384615
5 451 0.0045871559633
28 100 0.0140845070423
32 111 0.0178571428571
146 43 0.0212765957447
79 134 0.0416666666667
94 253 0.05
4 13 0.0189873417722
41 0 0.0125944584383
62 494 0.0434782608696
194 450 0.166666666667
108 88 0.0322580645161
23 1 0.0061919504644
84 17 0.0192307692308
13 43 0.0479452054795
60 10 0.00689655172414
463 127 0.0833333333333
121 12 0.00609756097561
50 48 0.0151515151515
127 34 0.0166666666667
221 57 0.030303030303
3 250 0.00387596899225
97 11 0.00840336134454
407 367 0.25
248 137 0.0666666666667
433 9 0.00806451612903
144 68 0.0294117647059
2 62 0.00436681222707
22 37 0.00869565217391
12 203 0.00641025641026
382 71 0.05
224 97 0.05
352 22 0.0133333333333
68 178 0.0333333333333
35 11 0.00653594771242
92 40 0.0666666666667
72 4 0.00446428571429
1 24 0.00955414012739
78 30 0.0147058823529
25 146 0.0153846153846
48 29 0.0123456790123
33 280 0.0185185185185
128 52 0.0294117647059
20 2 0.0275862068966
427 0 0.00276243093923
10 56 0.00694444444444
0 254 0.00549450549451
208 113 0.0714285714286
393 1 0.00392156862745
109 303 0.0588235294118
271 32 0.0212765957447
20 352 0.0108695652174
39 4 0.0122950819672
208 0 0.00547945205479
57 221 0.030303030303
66 21 0.010989010989
123 108 0.04
19 153 0.010989010989
113 22 0.0123456790123
189 345 0.125
146 108 0.04
113 231 0.0769230769231
8 21 0.01
51 153 0.0232558139535
146 255 0.0666666666667
4 225 0.0192307692308
8 228 0.00704225352113
27 128 0.0175438596491
155 119 0.0526315789474
269 195 0.125
17 106 0.00952380952381
93 415 0.0625
64 139 0.030303030303
13 254 0.00833333333333
17 251 0.0210526315789
3 56 0.00358422939068
23 37 0.00884955752212
13 79 0.00763358778626
70 0 0.00523560209424
17 148 0.00980392156863
74 79 0.0344827586207
3 73 0.00363636363636
22 231 0.012987012987
0 117 0.00268096514745
26 29 0.0280373831776
12 24 0.00467289719626
13 305 0.00840336134454
197 20 0.0104166666667
490 46 0.025
154 249 0.0769230769231
248 20 0.0106382978723
12 239 0.00641025641026
126 21 0.0135135135135
55 11 0.00746268656716
3 500 0.00392156862745
134 0 0.00271002710027
106 97 0.0344827586207
182 138 0.0588235294118
21 248 0.0147058823529
233 98 0.05
58 127 0.0322580645161
186 40 0.025641025641
10 250 0.00813008130081
172 154 0.0714285714286
101 12 0.0059880239521
30 8 0.0108695652174
34 87 0.0149253731343
0 43 0.00251889168766
128 16 0.00833333333333
243 343 0.142857142857
138 233 0.0666666666667
157 12 0.0062893081761
271 4 0.00478468899522
191 253 0.1
470 428 0.333333333333
5 121 0.00436681222707
62 106 0.0285714285714
52 4 0.00434782608696
120 33 0.015625
114 333 0.0769230769231
341 34 0.0192307692308
4 54 0.00854700854701
132 3 0.00377358490566
8 49 0.00613496932515
440 348 0.25
240 10 0.00813008130081
98 168 0.0434782608696
61 20 0.00877192982456
8 128 0.00680272108844
47 97 0.0212765957447
108 17 0.00943396226415
37 27 0.0111111111111
94 68 0.0243902439024
3 20 0.033033033033
41 233 0.0222222222222
127 21 0.0135135135135
40 47 0.015873015873
3 165 0.015503875969
60 50 0.016393442623
117 15 0.00970873786408
154 59 0.0277777777778
35 276 0.0188679245283
93 54 0.0227272727273
83 0 0.0026525198939
13 341 0.00847457627119
16 71 0.015625
291 79 0.0555555555556
55 254 0.0285714285714
221 146 0.0625
49 1 0.0181818181818
177 84 0.05
31 113 0.0357142857143
163 9 0.015503875969
59 104 0.0243902439024
1 215 0.00387596899225
21 28 0.00847457627119
116 158 0.047619047619
68 25 0.0126582278481
0 489 0.00276243093923
1 64 0.00361010830325
20 490 0.010989010989
34 8 0.00534759358289
111 10 0.00763358778626
148 0 0.00269541778976
96 305 0.0526315789474
134 55 0.025641025641
10 97 0.00746268656716
201 231 0.1
0 55 0.0103092783505
20 58 0.0183486238532
48 259 0.0588235294118
285 42 0.0285714285714
43 120 0.02
9 184 0.00787401574803
63 117 0.027027027027
232 79 0.05
30 262 0.0192307692308
271 24 0.0151515151515
20 280 0.010752688172
113 77 0.0384615384615
469 0 0.00276243093923
52 24 0.0114942528736
327 102 0.0555555555556
8 94 0.00649350649351
142 9 0.00757575757576
222 475 0.142857142857
4 42 0.0042194092827
8 45 0.00581395348837
50 344 0.027027027027
51 209 0.025
27 72 0.0151515151515
431 154 0.1
94 32 0.0338983050847
84 254 0.0555555555556
212 43 0.0243902439024
23 109 0.0119047619048
235 11 0.00943396226415
40 11 0.00740740740741
103 16 0.008
50 156 0.0243902439024
268 43 0.025
16 20 0.005
2 91 0.0045045045045
207 22 0.012987012987
102 200 0.0526315789474
12 32 0.00512820512821
224 70 0.037037037037
120 23 0.0119047619048
85 3 0.0189393939394
25 4 0.0116279069767
12 262 0.00641025641026
182 114 0.0526315789474
176 7 0.00549450549451
485 3 0.00392156862745
0 100 0.0026525198939
24 106 0.0131578947368
81 15 0.00943396226415
10 5 0.0402476780186
195 3 0.00384615384615
0 19 0.00680272108844
182 54 0.0277777777778
63 24 0.0114942528736
161 0 0.00271739130435
20 333 0.0111111111111
100 19 0.010101010101
29 9 0.0236686390533
33 206 0.0178571428571
19 15 0.00578034682081
5 32 0.0155642023346
62 34 0.0140845070423
66 161 0.0285714285714
41 357 0.0232558139535
133 285 0.0666666666667
184 283 0.125
23 290 0.0135135135135
41 7 0.0046511627907
64 160 0.0333333333333
27 84 0.016393442623
47 25 0.0235294117647
108 89 0.0333333333333
23 0 0.0285714285714
13 42 0.013698630137
77 0 0.0026455026455
93 348 0.0588235294118
111 32 0.0178571428571
97 10 0.00746268656716
25 341 0.0175438596491
60 136 0.0263157894737
91 2 0.0045045045045
11 267 0.00934579439252
12 117 0.00609756097561
13 268 0.0169491525424
55 177 0.027027027027
2 63 0.0219298245614
106 10 0.00757575757576
72 182 0.04
35 10 0.00595238095238
206 33 0.0178571428571
72 5 0.00425531914894
1 31 0.01
44 91 0.0196078431373
125 0 0.00269541778976
54 4 0.00854700854701
347 10 0.00826446280992
239 8 0.00704225352113
262 49 0.0333333333333
101 23 0.0116279069767
30 45 0.0121951219512
0 64 0.00260416666667
219 116 0.0526315789474
20 3 0.033033033033
57 2 0.0128755364807
228 125 0.0666666666667
356 10 0.0166666666667
393 0 0.00276243093923
195 396 0.125
33 121 0.015873015873
39 7 0.0046511627907
194 44 0.0238095238095
19 43 0.00840336134454
5 4 0.0367647058824
118 439 0.0833333333333
9 65 0.00666666666667
341 156 0.111111111111
52 33 0.0133333333333
113 21 0.0138888888889
42 27 0.0126582278481
145 287 0.0714285714286
32 29 0.010752688172
341 13 0.00847457627119
353 57 0.0333333333333
117 0 0.00268096514745
4 83 0.0045045045045
8 22 0.0144230769231
8 229 0.00709219858156
84 336 0.0625
37 102 0.0175438596491
448 107 0.1
88 2 0.00446428571429
3 59 0.010752688172
13 78 0.00735294117647
70 1 0.00727272727273
168 9 0.00769230769231
26 23 0.00769230769231
147 25 0.03125
231 22 0.012987012987
13 479 0.00854700854701
36 0 0.00243902439024
2 144 0.0283018867925
221 28 0.0166666666667
248 166 0.0769230769231
211 26 0.015625
12 25 0.00975609756098
287 145 0.0714285714286
55 149 0.0243902439024
2 3 0.0221238938053
79 19 0.0102040816327
248 21 0.0147058823529
55 10 0.0135135135135
59 79 0.0232558139535
187 114 0.111111111111
25 83 0.0285714285714
35 38 0.0105263157895
21 7 0.00420168067227
442 44 0.0263157894737
7 52 0.00502512562814
154 150 0.0526315789474
72 33 0.0144927536232
7 69 0.00510204081633
286 4 0.0048309178744
347 22 0.0133333333333
86 51 0.102040816327
209 9 0.0078125
262 29 0.0185185185185
101 11 0.0169491525424
0 44 0.0205128205128
20 39 0.015503875969
114 25 0.0461538461538
29 64 0.013698630137
33 5 0.00374531835206
39 43 0.012987012987
5 215 0.00452488687783
15 2 0.0204778156997
20 500 0.010989010989
9 125 0.00751879699248
52 5 0.0168067226891
85 187 0.047619047619
18 4 0.00655737704918
4 55 0.00851063829787
132 12 0.00613496932515
425 30 0.0204081632653
71 9 0.0142857142857
169 1 0.00381679389313
23 362 0.013698630137
50 260 0.025641025641
2 419 0.00478468899522
4 341 0.00480769230769
27 28 0.00980392156863
13 225 0.00826446280992
344 136 0.0714285714286
3 23 0.0061919504644
64 7 0.00505050505051
13 114 0.032
287 343 0.166666666667
127 20 0.0412371134021
97 193 0.0454545454545
154 56 0.0294117647059
46 10 0.00636942675159
268 0 0.00274725274725
37 461 0.0227272727273
25 269 0.0178571428571
192 446 0.142857142857
12 61 0.00568181818182
305 13 0.00840336134454
438 227 0.166666666667
121 293 0.0666666666667
49 0 0.0211081794195
287 26 0.015873015873
186 92 0.0434782608696
1 165 0.00383141762452
348 20 0.0108695652174
22 349 0.0133333333333
25 47 0.0235294117647
106 66 0.0243902439024
200 3 0.00387596899225
438 13 0.00854700854701
21 27 0.0181818181818
10 268 0.00819672131148
54 93 0.0227272727273
1 71 0.00367647058824
55 268 0.0294117647059
10 159 0.016
48 38 0.0263157894737
34 9 0.0176470588235
20 84 0.00970873786408
148 1 0.00378787878788
9 477 0.00806451612903
0 8 0.0121703853955
39 233 0.0222222222222
232 33 0.0181818181818
109 357 0.0625
